730	1281778
962	1173069
274	1147948
891	876878
554	834480
1758	770233
959	676475
136	676394
873	666869
741	643352
1106	635285
1256	634144
497	625136
755	620033
1205	618031
1176	612091
1350	603269
676	600879
672	588846
73	579607
1941	566272
656	565590
1013	525912
1859	510922
775	509331
140	489798
1237	488652
525	485880
391	483229
1018	474291
971	472742
117	470602
512	467894
519	467858
1124	467814
447	461377
708	458657
609	458156
1647	450637
194	450003
405	448312
620	448048
380	444219
979	442926
8	440124
1199	434569
630	430227
1832	427488
584	423557
1505	419561
570	417949
1345	415888
812	402697
1131	402392
515	398144
170	397675
1041	395688
399	391471
40	389713
297	386570
187	385244
57	379256
585	376270
47	375714
1364	374228
559	372895
1442	371987
1484	370611
1440	370299
77	370078
543	366911
1588	365575
1126	363497
765	362194
945	360993
1311	354833
1132	352028
1522	351185
1283	350600
1738	348318
1528	346153
533	345504
1026	345155
190	344258
1304	343457
21	342441
1567	341699
673	339492
363	335467
329	334502
1372	329274
223	327856
1615	327116
420	326160
1803	324282
2005	322648
556	321695
350	317304
147	316575
1419	315056
1531	314667
1922	311753
114	310902
113	309039
1285	308110
1238	305648
182	300513
1664	299385
1149	297461
1788	296457
493	295930
471	294327
1298	293563
277	292867
1028	292681
499	291753
943	291443
26	291141
1135	289901
199	289738
492	289377
332	284721
1306	282997
373	281860
1916	281511
15	278616
528	278278
505	277763
316	274185
660	272275
1301	271931
172	271229
671	270225
596	269500
863	268626
494	268251
384	265051
944	265005
1527	262394
91	262264
1255	261413
1352	261299
2025	259347
1590	258426
1313	257773
1671	257501
222	256982
168	256697
658	254826
2007	254293
1653	253571
454	251979
1247	251430
1388	250765
264	249470
569	249432
1116	246613
839	246514
967	245907
892	245633
228	243982
759	243703
766	243554
980	235707
1556	232443
611	232117
619	231692
607	231402
120	230542
1288	229155
956	228844
615	227624
1127	226015
1219	225240
29	224129
1114	223581
1799	223248
610	222081
503	221685
1485	219463
1429	219414
1165	217111
78	215546
1539	215184
981	215164
707	214332
390	213880
1771	213564
491	212860
1701	212120
1093	211735
335	210515
1535	210368
704	210148
1166	208350
954	208058
161	207415
1694	205879
1088	204433
251	202877
1223	202722
1147	202516
189	199440
198	199240
693	199098
1122	197633
783	196749
1225	196262
1514	196232
890	195698
250	195146
1362	194924
425	194836
1125	194130
957	193819
1818	193456
31	192829
209	191971
1308	191748
1267	189866
160	189443
412	188605
986	188148
1200	185863
563	185640
362	185182
988	183989
1363	182841
546	182454
1258	181972
233	181823
418	180785
1555	180641
1314	179574
1652	179147
1257	177935
1658	177798
1882	177187
936	176354
467	176207
1302	176071
841	175898
952	174569
278	174101
756	174039
1130	173662
1277	173544
102	173226
1046	173195
866	172597
145	172577
821	172077
54	172049
777	171646
960	171358
1691	170421
566	169384
1689	168735
970	168175
393	168076
1201	167842
257	167483
2	167237
1252	167030
1297	166697
1540	166657
383	166468
246	165460
155	164188
1265	164092
1062	163906
681	162338
1438	161725
1016	161537
1620	161442
13	161128
410	159931
925	159490
33	156998
208	156108
1917	155842
982	155600
1319	155442
938	154607
1632	154160
1603	153996
964	153651
10	153308
1056	153000
38	152964
1584	152442
1361	151874
940	151383
854	150617
881	150582
1141	150112
234	148683
996	148567
1284	147461
295	147421
690	147349
284	146986
1024	146651
14	146550
1900	145013
1659	144795
225	143527
206	143497
885	142768
511	141316
1240	140823
1186	140713
1454	140280
924	139776
951	139679
917	139449
367	139426
794	139332
522	139151
389	139062
53	139061
404	138763
774	138096
1102	137789
520	137291
616	137016
1	136733
1601	136633
1496	136398
1944	134655
357	134456
60	134011
166	133324
1164	133214
132	132951
502	132546
851	131953
1439	131946
1239	131820
1541	131564
963	131507
632	131479
674	130842
1909	130277
1158	129970
965	129805
631	129786
1057	128974
286	128694
911	128301
975	128084
898	128005
186	127739
122	127390
435	126947
3	126651
445	126112
1095	126063
764	126028
403	124900
1250	124513
436	124477
822	123444
1570	123344
1266	123264
545	123254
85	123029
1269	122063
148	122024
484	121133
1626	121051
1280	120963
1503	120936
1008	120423
1595	119480
1253	118815
56	118723
714	118625
385	118252
659	118015
99	117555
989	117114
626	117003
476	116585
314	116448
24	116255
1678	116251
1824	116061
1217	116039
1869	115504
1211	115481
133	115302
541	115128
1230	114858
1378	114762
1971	113980
1475	113980
79	113616
63	112023
180	112023
1870	111894
446	111733
1210	111593
1063	111500
188	110397
349	110244
984	109865
1068	109545
1305	109294
381	109233
1423	109073
1637	108884
782	108604
1413	108483
1507	107736
218	107679
1048	107524
64	107256
1293	107203
1476	107046
463	106838
2108	106779
279	106737
401	106490
1561	105518
1009	104587
181	104524
1367	104013
456	103669
1991	103372
1766	103265
1430	103260
1548	102943
305	102492
995	102403
448	102286
700	102097
1786	101775
753	101212
1254	101042
1441	100918
253	100774
42	100392
472	99993
43	99041
1431	98811
760	98586
739	97677
624	97523
356	96646
767	96372
549	96309
1005	96107
1099	96055
44	95497
310	95424
749	95215
1243	94858
1189	94683
778	94669
1191	94570
2088	94372
1572	94234
178	93658
128	93469
1383	93258
645	92759
1444	92521
138	92028
918	91981
25	91701
118	91440
1568	91395
874	91109
705	90885
266	90781
1029	90741
1295	90705
6	90599
1022	90550
1549	90214
555	90207
582	89847
1336	89846
52	89690
1178	89501
1733	88925
638	88852
1180	88732
1065	88670
1606	88466
1668	88433
480	88429
1232	88084
761	87834
1889	87823
905	87813
1096	87598
191	87526
1279	87478
547	87469
1401	87457
1532	87388
423	87186
845	87031
361	86632
301	86462
204	86443
542	86203
1633	86149
1573	86110
406	85860
488	85855
1775	85604
513	85221
1380	84986
308	84961
1871	84879
1447	84791
413	84588
272	84443
955	84313
1203	84015
66	83920
586	83630
215	83061
773	82757
701	82572
1520	82422
1038	82238
235	82133
2006	81858
1366	81744
1464	81622
1571	81379
653	81310
662	81234
1040	81226
1562	81113
2051	80459
1187	80124
243	79847
907	79833
968	79821
1575	79656
721	79610
1077	79010
226	78783
876	78772
698	78647
720	78622
983	78301
320	78046
98	77700
1657	77490
1740	77270
75	77193
784	76952
282	76781
867	76107
23	75878
481	75568
1351	75479
110	74843
1663	74477
535	73944
1781	73920
2073	73761
109	73702
455	73659
1554	73402
667	73266
201	73159
1784	72960
1918	72799
1709	72649
507	72610
227	72600
1825	72551
1743	71988
90	71518
376	71325
780	71275
843	71181
628	70724
719	70404
799	70383
1340	70069
1365	69893
424	69823
276	69688
1857	69399
149	69270
348	69182
1358	68980
833	68806
754	68370
135	68200
1854	68072
1348	68035
94	67842
801	67481
1920	67400
540	67361
682	67351
1437	67104
958	66976
1742	66958
1328	66637
1793	66530
129	66454
1579	66453
953	66151
457	66054
1517	65567
285	65519
1322	65282
450	64830
1290	64625
386	64378
80	64110
949	63866
935	63836
1751	63728
125	63715
1274	63698
1111	63128
580	62871
629	62864
169	62426
557	62173
1197	62018
1456	61989
1638	61672
1644	61552
788	61364
1699	61008
1690	60901
7	60610
157	60165
757	60136
1406	60109
397	59982
625	59508
1386	59352
1101	59257
1708	59160
1172	59106
738	59073
0	59005
710	58667
1103	58397
1216	58396
560	58387
232	58280
618	58224
300	58019
1069	57963
440	57879
1796	57689
1734	57659
702	57568
787	57402
1268	57211
1885	57146
280	57078
1607	56932
1300	56917
1321	56774
553	56593
895	56574
130	56437
1504	56287
591	56228
1931	56197
1814	55874
717	55490
695	55438
337	55193
1407	54803
857	54681
49	54556
1655	54468
1836	53979
1034	53846
483	53727
452	53671
5	53621
39	53355
762	53226
121	53072
877	52980
747	52853
1599	52611
643	52440
207	52389
910	52301
1395	52229
840	52224
684	51697
727	51527
894	51508
929	51438
210	51355
831	51332
139	51194
602	50991
847	50978
449	50773
36	50627
858	50316
1019	50264
1516	50059
1067	50049
86	49637
941	49581
678	49577
1128	49450
466	49317
1398	49216
1482	49172
646	49158
422	49069
1772	49022
797	48937
112	48878
1214	48873
443	48705
665	48645
27	48627
1075	48370
1236	48190
1449	48088
713	48043
1384	48012
531	47971
823	47968
151	47795
966	47579
369	47495
48	47455
937	47224
1064	46986
470	46704
1493	46611
792	46579
796	46542
1161	46516
1382	46423
1183	46031
2016	45947
1656	45934
240	45757
1856	45740
568	45711
791	45680
2096	45647
1560	45620
1932	45588
298	45386
1422	45373
275	45296
203	45245
1536	45200
1047	45134
1410	45032
134	45015
392	44862
805	44775
1677	44650
185	44607
887	44591
46	44430
1082	44246
104	44147
1762	44142
1184	44085
2008	44039
468	44004
565	43922
869	43887
1385	43791
482	43680
1848	43564
1212	43492
1550	43426
770	43416
912	43298
914	43192
1903	43151
859	43145
1315	43114
572	43059
942	43046
550	42961
1405	42790
1639	42775
1559	42761
1797	42731
477	42680
534	42672
2071	42634
635	42561
634	42436
1621	42130
650	42103
1861	42003
683	41753
103	41629
1852	41574
679	41429
1402	41280
1460	41143
1835	41008
1168	40899
1998	40782
1488	40774
897	40766
865	40638
1276	40394
571	40319
1545	40294
1249	40065
1959	39679
1213	39485
364	39345
475	39344
92	39286
826	39261
414	39160
1155	39102
289	38947
156	38865
1815	38817
1104	38743
1874	38591
1649	38390
1215	38241
1058	38217
70	38106
81	38089
1746	37773
769	37729
1100	37462
768	37365
605	36997
1415	36913
1045	36877
1537	36853
1591	36842
1978	36833
1330	36750
1813	36740
1974	36644
432	36495
709	36398
1479	36305
245	36255
1553	36214
786	36200
926	35998
1662	35990
1061	35874
779	35848
814	35809
688	35714
900	35475
969	35290
407	35282
12	34913
1324	34911
573	34669
1467	34666
1643	34481
2076	34417
1795	34331
1477	34145
675	34131
551	34036
1732	34023
84	33950
2023	33871
1967	33782
377	33761
1611	33685
575	33599
1175	33585
1259	33582
273	33552
311	33545
661	33388
469	33336
510	33305
88	33279
529	33190
1193	33174
2093	33141
1140	33044
1651	33031
1291	33025
715	32946
1546	32928
699	32914
375	32905
318	32878
804	32788
1084	32754
509	32367
1605	32166
338	32051
548	31919
825	31801
724	31660
96	31618
1320	31606
1696	31591
1000	31569
991	31504
1251	31395
1119	31367
1665	31335
105	31296
334	31258
241	31242
1105	31201
504	31128
2067	31127
2015	31000
1826	30898
1697	30840
1053	30837
453	30653
1695	30486
1152	30267
1576	30261
141	30255
58	30242
1776	30199
1339	30176
1110	30175
994	30107
395	30092
694	30023
526	29977
514	29918
2032	29791
875	29737
1091	29718
230	29667
1719	29638
614	29626
238	29576
74	29471
1838	29181
205	29144
2039	29141
807	29012
668	28982
72	28885
1071	28884
621	28769
1425	28571
870	28555
902	28528
1843	28442
2002	28426
59	28417
1608	28306
1703	28153
735	28122
832	28047
712	27821
441	27713
903	27649
872	27486
906	27446
696	27438
1506	27394
1020	27328
444	27319
1518	27243
142	27196
1195	27101
998	27073
347	27062
485	26996
530	26699
1895	26678
1287	26637
1552	26530
946	26396
600	26359
259	26343
1614	26316
340	26285
734	26243
239	26044
670	25995
1331	25975
1335	25970
524	25924
1376	25861
527	25674
237	25531
1448	25528
1583	25486
928	25355
192	25324
34	25290
837	25229
331	25224
1465	25223
1896	25192
594	24904
648	24903
640	24892
1623	24887
498	24711
473	24686
1346	24662
309	24643
354	24643
1498	24624
1693	24446
1107	24417
552	24381
1509	24371
303	24226
785	24159
231	24152
1310	24025
1529	23986
1159	23947
1275	23691
627	23618
1426	23579
1837	23438
1625	23426
1669	23360
1411	23355
1001	23314
915	23299
165	23259
1226	23254
1519	23252
154	23193
1731	23034
1202	23030
131	23008
1072	22931
1557	22806
813	22784
1679	22763
830	22751
51	22713
1023	22687
1952	22597
434	22574
1083	22489
1123	22484
1489	22476
2068	22424
922	22371
1645	22284
1782	22150
523	22141
1810	22061
1542	22011
1218	21934
1391	21878
1222	21782
692	21742
495	21722
1787	21683
927	21633
726	21509
1054	21508
2119	21454
896	21380
326	21320
126	21294
82	21095
622	21041
22	21006
1396	20996
1480	20982
433	20940
2118	20923
608	20918
1726	20898
1271	20741
17	20739
427	20692
790	20689
162	20680
718	20657
1471	20591
2021	20540
1578	20500
1059	20488
722	20471
1705	20467
561	20456
489	20439
2083	20409
1329	20409
598	20392
1716	20370
408	20363
1654	20353
252	20348
302	20342
479	20332
1089	20315
880	20291
1248	20257
400	20245
1999	20229
1675	20217
976	20200
1908	20178
270	20170
119	20153
973	20098
824	19898
1937	19890
296	19842
1602	19827
2058	19810
1901	19810
1033	19772
1769	19752
781	19583
1718	19553
137	19518
1840	19509
853	19481
829	19475
587	19389
1926	19387
1722	19383
1228	19351
254	19245
1600	19232
211	19231
1070	19179
687	19174
1569	19138
1235	19120
1353	19025
346	19023
1792	19017
9	19004
1042	18963
1174	18953
1723	18950
396	18947
1242	18893
152	18871
307	18859
1770	18802
65	18781
336	18750
1868	18706
359	18680
1924	18597
1515	18539
106	18351
353	18340
1109	18320
844	18320
808	18208
1326	18123
1674	18121
37	18047
501	18035
1778	18005
409	17961
1729	17907
343	17851
1409	17782
177	17760
750	17695
293	17682
593	17655
1604	17646
746	17631
1182	17589
371	17571
1801	17504
827	17428
939	17365
1003	17312
1777	17304
855	17304
1379	17260
1461	17206
76	17148
2011	17137
20	17124
183	17058
728	17011
355	17002
32	16942
1120	16924
16	16923
100	16906
1822	16902
1369	16866
868	16859
1624	16843
101	16808
50	16748
217	16676
1142	16647
2019	16597
1587	16540
247	16533
1707	16464
249	16437
1012	16346
1292	16332
1198	16302
818	16302
267	16281
1936	16067
1181	16026
1589	16004
1073	16001
1684	15998
1241	15997
990	15981
1221	15960
1598	15791
1097	15773
711	15598
1725	15591
1036	15576
1823	15551
1457	15524
1580	15470
2107	15443
1115	15375
304	15343
1913	15266
1273	15251
1966	15198
431	15196
1466	15188
1833	15111
430	15099
1523	15083
1858	15075
2080	15063
382	15028
1137	14944
1911	14887
35	14879
328	14845
999	14816
438	14795
2017	14791
583	14754
1179	14741
729	14710
641	14708
2052	14676
1972	14675
2110	14673
613	14644
819	14526
1356	14491
1636	14479
961	14478
330	14461
920	14408
758	14330
281	14316
287	14262
268	14248
1209	14226
2094	14211
1397	14202
795	14176
1332	14170
319	14128
2014	14106
1530	14084
1245	14060
771	13970
200	13950
18	13928
1648	13869
1050	13865
1459	13852
1347	13761
417	13742
752	13716
1112	13707
723	13683
1389	13649
642	13632
342	13617
716	13600
1817	13591
913	13521
1673	13493
1418	13443
1865	13436
2065	13403
1076	13376
2086	13361
1881	13329
1468	13240
1177	13234
1929	13227
262	13177
649	13102
283	13084
2038	13074
578	13068
838	13041
948	13039
1831	12971
411	12956
1282	12950
45	12942
532	12937
1508	12929
2072	12928
1015	12898
606	12874
4	12858
1171	12854
1004	12785
1156	12783
107	12779
2050	12766
2018	12692
1377	12675
864	12620
108	12608
1812	12585
1055	12552
1830	12512
1760	12506
1157	12503
1774	12493
1090	12473
1744	12461
776	12448
1445	12411
1789	12405
1790	12391
536	12386
1612	12369
212	12339
1472	12305
647	12260
1027	12237
360	12220
439	12193
800	12151
317	12125
1458	12093
171	12079
1400	12055
664	12017
1044	11995
2078	11891
1957	11868
1343	11861
1427	11851
1500	11845
1805	11801
462	11783
654	11772
28	11733
1117	11719
1404	11711
1092	11706
558	11637
1765	11573
1244	11561
1864	11561
465	11557
179	11492
219	11440
1035	11414
828	11405
633	11341
2044	11338
1342	11251
306	11244
1609	11206
460	11205
358	11195
1451	11188
1296	11185
1988	11167
1646	11146
323	11135
1151	11126
1574	11123
87	11109
1173	11099
1501	11008
288	11006
1650	10996
603	10980
1435	10974
677	10901
2060	10859
871	10842
1192	10796
1564	10780
2041	10773
1043	10689
725	10681
421	10672
1270	10662
269	10646
517	10600
61	10541
1080	10527
195	10487
2033	10467
1374	10457
490	10431
365	10425
202	10406
1994	10397
1851	10392
1928	10384
577	10349
1436	10343
1921	10273
644	10214
835	10183
862	10110
1368	10107
1196	10100
193	10100
1262	10091
1098	10074
220	10071
1863	10064
637	10035
